1000 1000
-877893512 -934159661 267922534 55299119 -962826894 -954196272 681932159 -354105465 -924410233 -967966549 -644149267 -652410540 -896024023 -801808720 -284085838 -636966242 865505825 -883493965 140696247 902665336 161862735 458197672 627987647 974890252 408658157 -510800251 735396673 -996832582 -131152267 -174430363 -907439265 893062291 501953359 -181458642 -970013505 161587107 -603070432 -506462001 -971458433 -16331243 237957296 868379114 710497537 590610304 560246363 -35257223 338615681 786160045 737863080 328673816 -540433026 -308039497 -586815213 239939836 632739191 372726978 602631794 -519163969 -273701436 -240772074 -580733758 -43967084 758202058 246989173 -502389864 360651010 -539539426 46004236 273181771 139224954 513520525 -112709495 820534199 927949457 460124207 255847910 960389450 -750892257 -705019818 914540748 491864736 -263571029 -263518958 133698003 -226191501 -557160668 -896988959 610002221 276025046 -100910751 471211719 -323795036 -371523095 214624977 -794269024 398842188 -239899761 494808773 -560712739 182982177 302820751 542790848 431810567 -80214653 17705661 -936236173 -327566624 550682531 -927394142 663446714 683438529 639757692 512001006 -72250274 -976648614 -324027793 170480947 -521394192 687690605 723594778 -694326677 769790706 -308807669 -654429436 351057486 -358633241 -41363311 -157331226 -890336104 -342208733 393386052 895209698 -449134533 -521095918 -767181234 252759057 123027331 460709744 928667778 -909280061 389519493 -225205837 215479525 622511296 685189577 -680790916 572560982 -723049794 35541626 -223165733 -881186298 553463400 336807802 357648021 399863919 -536967149 179548822 -19666552 -866859336 317849577 -428571031 440189838 -927995609 -879457896 849796049 -251082141 -288248729 -196292326 996503734 261710554 453205505 -969825832 -294862189 -546694677 -390013122 567847799 -363116517 868722560 833805629 -216074903 434390105 441542908 160908280 -998800177 -231859708 -129348513 74178428 27703302 801436637 463993246 -593904019 126067867 350168052 -290266799 -488601082 809325219 -606664854 -272743284 550934321 17189640 270040724 -277039508 -534695995 628040987 -986233996 -642562944 411805413 -630348546 -368625872 80639005 -488608670 -561865832 122854880 619685986 -634381214 468467853 157025182 -939233501 -700838123 -353433945 -387436543 -696709942 558093372 784772421 151826701 -498122897 506145493 -546468358 -544551444 -631248497 748207265 500500521 983085715 99177502 298150090 824331858 473546674 791433765 771038024 860101244 -661032844 -722507194 -314597422 656288266 -138469865 -880074905 809628011 -500502691 109147255 739708107 -992510238 -347583766 973331225 -945891273 -299821751 -246587118 16621587 -531931549 -326557178 -752522869 811795291 188206496 172479874 538129982 -445709978 84684805 -145992624 -618185552 -959158731 -646432654 175733509 82540170 424444698 -364313677 77626343 -917324619 -469899240 -964372012 338590480 211483064 -63362519 821865779 768661306 803507138 -814039990 531863926 677621818 -932994848 418078601 34583484 -609920411 585379857 180840781 469515759 434751291 -857730601 -844603075 -834100250 489281223 953745519 -722513860 -239571378 -619137502 -384131280 755587257 327517718 596935089 80993177 188539804 -191927753 -372046988 108197368 534801501 -245301329 579152978 -727611254 842064575 -740687742 -817284286 281451765 308517378 50691628 9142747 -411162564 -914140796 762906025 269926198 -126874783 -514888397 -949961421 36263424 677388765 949591231 -640196086 -412070420 350181684 571517738 167789183 923572036 -817978562 -358667658 85429452 -598251578 924632864 607826950 -678390823 -957453526 -477584807 129598634 -116785086 -48795217 -766212476 -48923317 -770982883 437920426 213484295 -800335614 -668073571 -729562921 113510724 721339153 529601486 -232461956 840538478 -765945059 -202278281 -478879029 709083652 691453804 -879895287 -709118289 103640489 429563011 -500535167 -713037992 900189611 -123833284 903005412 -19758698 217927752 767788828 960947080 -416508317 -327056716 184678357 -981810161 -869035536 -721269475 -583145381 -326575879 -546560123 181271174 100437224 193505126 781983705 -495347430 -958201872 -227311084 976181253 201938569 386915391 549932382 861698734 118067396 -54391919 -665483570 372596610 988683429 425802994 113485043 -453055803 867842992 501860078 -792005972 -266601276 438745111 -481207913 37439489 -1745754 -659877972 211468021 382086536 382073640 933983993 -879291302 -302018214 702315191 -666897121 -763902919 651089482 46281021 574458953 -500300110 -291944032 -392005762 -788023062 822089264 -169233794 -413779649 -633050882 -768049852 428143856 -415337812 128332494 238345656 553649842 -207832090 -215643096 -676231408 465333447 104573830 -263746399 -399201582 862651791 -237961840 354363212 893905144 375040035 749902783 -826529644 899151460 296806790 -957439413 -763839641 -324864468 -457434205 -319772174 -41665352 60305543 -159382115 -751301865 -799778280 -351162782 -329677007 -85235653 784995645 149233540 -194994027 300455691 779352877 393424783 -896774008 604639062 -724198894 -835507323 426208208 625555409 -116018641 -56877472 415669189 9196486 83039736 -297788533 820560052 -634744851 239289053 -637797920 -534720218 90002404 779534898 -698657267 -486964417 524487739 -500216052 -993361487 654576660 -700244446 68809667 350428179 -485645524 -196508198 707084735 866655601 -384102631 -276097988 -178915997 954835551 620381036 -231137577 658551286 455271931 -664829065 702337950 596317045 93528740 -539141890 748837663 -178805818 876815447 -38030546 440259719 359857498 -834833852 796521098 -4147814 614254819 -141992487 206960410 -306279795 350635308 -878185978 864844604 -370861653 590057072 -735524671 421242612 -875134887 47478524 -10137419 32780785 209661651 -827318944 -630000374 -674220867 291710620 486343144 -419643831 -274205615 -239437357 314262886 -357205127 99188205 -366705848 -188834783 751882184 973482698 -710847741 550913858 -581179138 911852686 167088407 -346752016 316421775 160693764 660464697 769441252 -157488469 -31141025 803419485 -832530499 931948905 -73660222 442598269 76283097 -883779781 875435188 -953258209 -577863473 -831625961 -521652295 -517458526 -270395415 840539509 -70029277 -529724441 607144421 304509965 914723493 957939630 -875394650 468826802 -794627227 461297941 672466305 759380435 -554596514 379459338 -687088710 -134864776 -81070901 -913327644 -488514189 446267708 -195424367 405095663 -388297840 -766510270 -166013831 80079182 916326531 785225606 206741243 525163156 628710095 500183175 345437688 676546003 461698142 -254849083 -258147832 -643951730 636924117 149896727 -417081394 -368304998 -984667565 971644478 913516259 -467483393 -335194856 242173836 -72296521 366144885 243594295 -646467825 305108387 -584133789 -860836439 940133173 667642737 -117334600 -153604999 -63554664 -804224293 -945373283 106145868 541048508 -668417395 -420240351 -71010007 413283308 363050087 664692017 -868835530 -442152335 -936988325 686244985 -317488225 -821796513 -636444482 789070272 -862228368 -162434538 230859327 -602358613 779398530 -845806324 -882724559 642412540 -786669509 992464181 345272611 305045618 119893640 -389529784 -277382835 758924384 -246787595 638016803 564926877 -463563694 611287341 -167714075 71789334 969544044 -436748349 387097143 -398969182 -985446469 872973662 -219909040 9062818 531963122 -17640395 -227317157 -428332345 -318150997 381305471 -45860680 576946241 149751612 242949946 215481198 -543270521 613595641 841989050 995647720 763831345 213922697 -780457560 -731331682 -207775133 -197900849 -916916752 -303787718 -162717826 426971879 900850670 -423677947 -752595883 -780650066 258195583 -590281810 205239004 -180685428 217682364 486992503 442894957 -770702902 915476491 544307842 -328620216 -630966721 -568293643 -669946304 -223470766 -705690421 857676022 -926044107 371759685 -647364885 -388092067 -43920751 -257705010 -83689360 -840295470 394257564 917828991 909709384 210973869 -782289517 -240102380 -868608111 -454145000 -671918825 -81890747 782624561 -370171804 -33564626 397232630 231440488 236487884 -784007066 -722196990 -838259063 76528662 -599501129 -52865434 237206153 377865893 576299883 -198172769 200043358 -622586851 -520777936 -757519948 -285783346 -95018238 123898724 -605253160 325928067 -857805327 -300664352 957314943 -417026918 803388590 -919420829 -772620623 -925916304 262134180 -410782619 -313910130 -571647212 -952869208 632184685 -326974415 -542006475 -242532533 -335129958 -796361427 -750942282 -807321539 -818985728 369325802 495479634 -758951697 -236674003 568639968 -802288566 925831456 942562342 -924243676 -567573139 -628008534 -977340472 359996685 -452388429 16255598 765392279 -170309608 -863647217 232014399 -269410916 432220122 -68968260 -631452897 -601847373 -167034914 -450705268 -151120167 -717075448 484502481 128764123 314402884 479556891 -784733037 -866259389 725531762 -895447471 -437581183 52760563 -181389287 476791148 -649507467 -144267252 -885941312 -491954962 -706573880 -873813172 -245503063 -840539868 161138604 -887906038 53688990 783356070 -474411710 492192041 446898446 -791977680 898430469 -842952550 -408005686 900250962 -565401174 -178048901 463741640 -601990270 156813447 -864433391 -185801487 514540507 197460537 768307522 -32328026 -471888077 212198071 -51340717 269682131 -812090527 -891655134 114804989 -359303704 -216536078 140498220 -826401313 -360281347 -957123784 -814969983 460571448 -89395520 969748947 140997225 2711136 -608359576 -502764553 662391547 -894300095 771809744 -825977832 742071076 -455728134 -549255802 965612551 -399242993 596685577 -885622105 -328446506 893000235 793166422 636071343 427322201 492288009 -661723741 -29216109 -180009910 196173727 -627743884 310146901 144387410 -425465466 -274686513 593669289 -736444653 -902390358 934419740 -221634551 -696726305 115588635 85319993 -43656982 831037988 -902232314 -107610146 222932327 -252449750 -573528420 463088188 -449785337 178478622 795462672 -553840616 -178129519 -124132732 -993075319 -101499786 -820395113 -169572838 -372438741 -687618909 -367610232 241260286 -815681567 -57873403 -81093173 72075753 971184465 -854002471 11959406 -365866811 866264290 -972891379 423106455 523644843 -185503541 -419903812 388098097 -223576991 -506084676 195922305 -75918390 595617125 989729339 -315431695 -631513078 933096692 499232740 364553806 209254916 -745924484 518374515 351684613 929533541 -944994604 -421944307 787120697 56097505 315845184 -79453476 250360189 860516873
1 743 798 -304100
2 169 776
2 609 914
1 251 363 824438
2 822 947
1 593 981 985928
1 614 618 -599652
1 659 797 -781244
1 493 897 -447202
1 515 672 65585
2 177 616
2 127 260
2 564 589
1 192 329 808557
1 561 643 579827
2 286 368
2 119 500
1 152 685 -828061
2 251 738
1 10 360 969221
1 543 690 -54020
2 166 216
1 189 575 90836
2 19 80
2 142 528
1 449 849 651855
2 208 758
1 812 893 -359651
1 140 327 416516
2 232 445
1 824 970 -196104
1 108 180 465221
2 70 217
2 222 766
2 664 781
2 266 349
1 281 543 -374908
1 82 787 619749
1 2 86 67900
1 416 940 642468
1 42 334 375710
1 20 42 569238
1 388 682 15008
1 432 433 509060
1 30 670 208633
1 795 857 -17663
2 704 937
1 99 754 -190275
2 499 759
1 159 334 429939
1 347 868 -445104
2 229 476
2 79 974
2 432 576
1 129 784 987224
2 383 448
2 204 451
2 293 854
2 309 618
2 131 851
2 166 980
2 58 637
1 782 920 588519
1 76 731 490093
2 193 567
2 69 873
1 224 368 -963155
2 512 617
2 139 332
2 201 517
2 98 252
1 92 368 -857521
1 934 994 678384
1 68 114 -911186
2 206 400
1 73 952 -840974
2 152 956
1 362 872 953599
1 296 833 426178
2 64 450
2 42 612
2 430 444
1 102 779 235923
2 195 219
1 349 507 -81562
1 31 496 -283920
1 331 575 -119105
2 279 739
1 88 544 43002
2 294 341
1 257 298 578739
2 72 855
1 252 788 -84464
2 829 860
1 630 734 247717
2 2 520
1 248 662 249121
2 672 908
2 766 828
1 162 172 90585
2 467 505
1 21 172 139773
1 239 638 -466348
1 502 883 424145
2 13 655
2 20 912
2 162 760
1 507 539 509441
1 632 868 -455246
1 582 707 -435009
1 365 906 694171
2 651 658
1 715 795 -152479
1 416 637 960993
2 152 932
1 247 308 970853
1 721 912 862516
1 153 229 -772861
2 274 431
1 763 996 -899874
2 358 536
2 722 865
1 905 983 190707
1 246 888 422701
1 31 270 98932
1 5 251 694576
2 26 864
1 51 488 -987105
1 597 984 794973
1 16 816 -746359
1 62 303 213769
2 390 471
2 150 326
2 378 537
1 302 774 -764157
2 670 895
1 220 528 -761120
1 282 706 191597
2 192 372
2 208 279
2 46 358
1 104 365 -712526
1 341 768 615671
2 191 254
2 709 810
1 598 969 -238255
1 123 687 -942302
1 306 411 -917997
1 265 613 288167
1 212 294 -466687
1 330 376 -699827
2 296 732
1 112 219 366326
2 714 719
1 433 467 -672246
2 280 844
2 147 803
1 476 595 -543733
1 133 748 -66040
2 19 725
2 952 990
2 618 622
2 302 335
1 451 481 -20705
1 274 387 393414
2 182 932
1 676 965 -16123
1 58 703 310765
1 861 933 442132
1 596 621 652674
2 751 805
2 182 514
2 572 643
1 470 662 -672044
1 8 702 191650
1 560 811 603318
1 119 274 474417
1 220 456 293814
2 35 818
1 244 558 772149
1 297 622 -32975
2 415 728
1 508 827 -516265
1 181 697 -476274
1 634 825 143068
1 224 620 -712406
1 783 890 -548731
1 822 957 -388281
1 6 238 252094
2 434 600
2 398 865
1 574 738 140083
1 106 748 29717
1 429 527 -654944
1 271 774 890221
1 438 562 -986605
2 14 18
2 874 884
2 12 695
1 276 547 -454628
2 593 889
2 505 715
1 347 408 588388
1 27 469 19966
1 3 25 536903
1 261 279 -506905
1 512 668 872487
1 94 670 317341
1 151 859 -76055
1 480 722 -60589
2 824 863
2 363 900
1 71 974 -241685
1 582 735 -719169
2 78 923
1 123 643 -117479
1 518 608 995411
1 212 879 630859
2 26 71
1 200 403 -572790
1 23 961 -873803
1 148 166 241843
1 207 597 -265180
2 6 402
1 213 994 -88960
1 506 617 278542
2 66 519
2 422 521
2 114 226
1 106 150 -128564
2 801 859
2 60 676
2 23 713
1 586 939 599955
1 29 758 695824
2 8 188
1 23 935 -584458
1 74 409 725452
1 388 579 544309
2 141 718
1 156 375 -626237
1 192 793 358520
1 144 165 913303
1 384 502 331339
2 521 659
1 218 655 817979
2 377 957
2 691 756
2 261 652
2 875 992
1 42 958 -539540
1 665 669 733002
2 740 983
1 370 921 -95275
1 392 983 397806
2 44 407
2 527 848
1 331 358 -617959
2 768 972
1 564 781 -575194
1 146 428 -713084
2 117 808
1 109 475 822967
2 103 859
1 300 824 788156
1 461 764 578253
2 168 474
1 314 733 911407
1 603 723 593936
2 624 981
1 649 896 -800336
1 316 813 322726
2 749 823
1 47 612 -333565
1 287 569 -596018
1 263 430 725856
2 131 453
2 384 493
2 435 918
1 125 529 -381154
1 38 837 851126
1 175 738 -170711
1 296 786 254945
2 109 619
2 331 898
2 115 826
2 561 833
2 368 747
2 233 558
1 101 428 86925
2 457 997
1 104 257 599615
2 620 960
2 506 598
1 17 368 -303097
1 260 751 -388031
1 343 835 -586734
2 541 560
2 440 519
1 574 986 313675
2 74 637
2 3 71
2 550 699
1 308 450 -258801
2 110 549
1 333 631 -992421
2 394 406
2 401 811
2 405 790
1 36 298 -578289
1 187 791 -139463
1 681 892 -957920
1 129 496 277224
2 203 462
1 431 678 546641
1 434 625 -752250
2 79 276
2 213 828
1 313 450 507251
2 22 30
1 240 260 384033
2 145 732
1 66 677 -34185
1 36 526 -313144
2 276 954
1 152 951 -914043
2 565 575
1 325 630 -318726
2 253 993
2 114 683
1 550 813 -715516
1 87 293 -220748
1 722 730 -766953
1 276 324 -108005
2 665 673
2 422 460
2 299 877
1 130 897 979371
2 687 989
1 138 175 496930
1 280 756 -78253
1 214 927 -521295
2 86 866
1 419 705 -812552
2 187 378
2 235 356
1 138 493 346792
2 47 191
2 205 392
1 123 232 -785801
1 110 483 -669524
1 546 790 381913
1 227 279 367164
1 85 425 80433
1 649 983 -924731
1 349 629 332604
1 108 178 49315
2 348 966
1 76 854 -242840
1 280 896 -51964
2 457 782
1 156 723 690019
1 112 902 -754487
2 674 999
2 219 537
2 552 982
1 194 506 678187
2 149 659
1 512 524 -44105
1 121 571 -848687
2 276 483
1 766 805 136420
1 298 804 -715972
1 114 842 550753
2 53 81
2 65 275
2 109 317
2 34 776
2 548 769
1 120 935 820075
1 96 965 628225
2 612 981
2 293 351
1 631 637 -78509
2 166 246
2 9 786
2 2 309
1 845 861 -670779
1 57 856 -908245
1 647 905 -321600
1 654 846 -864592
2 883 986
1 263 837 -79809
1 16 623 -80296
1 209 281 -468789
2 224 245
1 336 523 -563709
1 174 814 834957
2 53 501
1 29 94 946420
2 5 22
1 289 525 889205
2 816 872
2 520 725
1 205 547 -867323
1 507 533 61444
2 49 987
2 615 648
1 431 504 -398443
2 319 873
1 147 857 -998421
1 101 907 -670536
1 76 782 609934
1 75 385 -756939
1 413 846 339438
2 79 955
1 136 168 261128
1 470 783 61268
1 14 396 -32227
2 20 473
1 683 830 85337
1 50 909 -280834
2 276 447
2 951 982
2 240 953
2 543 561
2 556 791
2 425 777
1 4 910 312937
2 338 701
2 288 871
2 624 904
1 239 244 -842144
2 5 103
2 619 778
2 581 765
1 177 346 261418
1 161 986 567470
2 34 176
1 355 393 -72961
1 376 552 732291
2 78 944
1 25 717 265022
2 175 207
1 821 825 338582
1 7 675 -357711
2 585 943
1 55 160 -982395
2 48 125
1 404 799 513112
2 176 651
2 308 718
2 740 824
1 777 922 -357632
1 585 749 -520565
2 397 787
1 436 900 -222071
1 531 668 796003
1 335 795 971298
1 212 866 -905580
1 39 100 -123269
1 532 944 614389
2 391 933
2 348 950
2 631 838
1 73 279 525574
2 132 565
1 564 843 277882
2 638 721
2 317 363
2 577 928
1 797 976 786410
1 55 378 -725677
2 796 815
2 445 538
2 594 842
2 158 269
1 306 713 787683
1 486 994 -987428
2 113 903
2 24 141
2 683 955
2 572 752
2 343 450
2 550 856
1 211 876 -226666
1 173 660 358979
2 223 626
2 41 727
1 1 159 921186
1 179 417 333681
1 69 469 -47785
1 24 812 -303029
1 309 924 -16550
2 270 769
1 823 957 377138
2 676 896
1 12 968 82693
2 211 714
2 796 990
1 289 687 43246
2 389 510
2 746 873
2 386 996
2 107 587
1 573 830 442652
2 706 844
2 80 602
1 148 494 -238026
2 81 946
2 501 906
1 138 838 34403
2 22 365
1 416 455 -86925
2 288 361
1 444 676 -302593
2 2 381
2 312 791
2 555 795
1 113 223 -498557
1 297 573 -641040
1 284 848 333898
2 366 984
1 181 282 -53335
1 260 503 468944
1 688 804 512943
2 377 854
2 562 832
1 187 288 -951139
1 172 781 -854757
2 201 497
1 122 352 -166097
2 270 818
1 147 943 -151324
2 803 909
2 187 627
2 182 448
1 125 187 691823
2 934 953
2 71 627
1 669 969 11608
2 179 926
2 463 737
2 388 418
1 38 404 -474358
2 724 797
1 173 222 117499
2 605 977
1 212 452 -830189
2 438 818
2 28 897
1 149 303 506872
1 344 763 522926
1 658 861 379306
2 113 285
1 54 380 669678
1 236 256 746490
1 493 766 205792
1 344 404 189634
1 332 634 -37642
1 578 934 -825023
1 481 858 120553
1 375 794 109522
1 204 411 703158
2 150 608
1 183 949 -777979
1 645 939 -197986
2 336 347
1 23 935 231500
2 446 830
2 695 986
2 278 979
2 222 421
2 92 385
1 533 745 239005
1 464 772 -383587
1 373 587 94698
1 36 858 -245500
2 257 653
2 177 958
2 171 185
2 805 994
1 282 707 998437
1 430 698 -784910
1 711 863 -699286
1 769 905 356126
2 730 797
2 520 705
1 157 701 939404
1 258 901 -387828
1 140 502 844827
2 28 694
1 160 899 242589
2 133 685
1 150 620 -286824
1 20 913 -310165
2 98 460
2 530 836
2 336 415
1 506 837 -265710
2 137 567
2 486 783
1 158 656 -176122
2 387 420
1 365 450 369314
2 8 417
2 46 973
1 23 841 833388
1 449 639 -21889
2 10 721
2 660 667
2 540 643
2 818 918
1 24 993 675246
2 2 209
1 96 409 -364669
2 306 640
2 422 769
1 868 979 -865522
1 132 379 618279
1 58 102 236011
2 653 797
2 262 949
1 209 425 221883
1 430 699 -588425
1 265 337 -260743
2 150 953
1 84 809 -111525
1 130 469 660017
2 662 936
2 408 551
2 463 924
2 113 757
1 41 147 748890
1 414 509 -405394
2 358 976
1 253 677 756856
2 119 935
2 245 861
2 295 437
1 426 546 398490
2 631 887
2 136 189
2 817 912
1 25 280 -859006
2 61 171
2 733 779
2 439 460
1 884 972 988126
1 384 904 601209
1 315 915 -674240
2 773 931
1 131 556 427333
2 647 934
2 216 580
2 188 390
2 574 846
2 662 847
1 58 719 311058
1 52 100 343311
1 431 946 -778698
2 811 892
2 28 484
1 567 754 -966777
1 607 925 -439620
1 47 83 232630
2 377 826
1 301 940 -463548
2 386 422
1 200 340 21978
1 313 891 -717717
2 184 957
2 140 906
2 569 668
2 193 406
1 204 873 -76642
2 184 938
1 193 918 444953
1 227 898 -611406
2 449 829
2 500 735
2 189 401
1 294 458 892743
2 14 809
1 585 797 650014
1 339 509 -969840
2 437 775
2 458 660
1 128 976 -947071
2 453 553
2 287 835
1 37 697 292797
2 169 642
1 270 533 922339
1 95 664 736
2 355 712
1 601 664 826773
1 202 912 -573911
1 148 272 870083
2 86 137
1 92 896 -820988
1 748 750 -429076
2 594 916
2 190 530
2 84 868
2 473 969
2 280 301
1 388 712 221923
1 651 734 104630
2 403 771
1 581 1000 -427452
2 490 970
2 224 508
1 561 880 -806519
1 15 153 -110300
2 174 536
2 139 688
2 72 748
2 170 805
1 119 204 -800027
2 196 267
2 299 664
2 284 537
2 15 432
1 527 916 -513169
1 189 306 -16352
1 355 614 -695362
1 763 941 645871
2 680 737
1 187 947 711822
1 469 878 -351851
1 250 323 60438
1 199 877 944782
1 496 667 -782075
2 128 695
2 434 714
1 701 770 240918
1 324 362 -994323
2 194 588
2 571 957
2 84 124
2 467 812
2 90 732
2 29 295
2 621 681
1 743 836 -508092
2 76 349
2 743 921
2 318 713
2 530 754
1 156 536 353769
2 679 857
2 169 342
1 240 848 574904
2 190 526
1 256 554 515358
1 163 384 772561
1 16 787 -527665
2 56 948
2 399 843
1 81 645 285635
1 438 602 999437
2 21 30
2 181 583
2 140 971
1 81 189 -647799
2 18 856
1 453 805 -824260
2 29 432
2 165 933
2 232 245
1 145 864 -104790
1 397 809 -384933
2 846 905
1 103 445 272211
1 882 922 269987
2 183 559
1 591 667 484658
1 71 188 -193150
2 288 523
1 163 173 -973984
1 106 515 -250709
1 602 930 59057
1 11 613 994367
2 204 778
1 258 965 -470581
2 72 344
2 98 174
2 613 678
2 160 923
1 615 869 -661204
2 169 386
2 428 914
2 137 507
1 383 747 -748033
1 735 979 -529043
2 286 938
2 718 813
1 929 941 -282815
1 965 974 -109086
2 873 932
2 367 603
2 545 736
1 109 169 187323
1 964 986 829676
1 288 391 496461
2 863 869
2 215 576
2 76 547
2 440 685
2 263 855
1 242 398 -450506
2 870 905
1 392 883 -470617
2 136 530
1 769 952 907581
1 27 628 -773158
1 664 909 -596748
2 399 865
1 154 924 -910628
2 702 961
2 385 499
1 272 707 -680128
2 32 134
1 30 52 -431800
1 411 940 993116
2 127 907
2 19 927
2 43 634
2 225 756
2 299 376
2 596 971
2 316 429
2 499 544
1 390 409 936446
1 792 896 326287
2 171 949
1 438 708 -559207
2 7 638
1 524 658 194665
2 411 460
2 22 238
2 2 373
1 642 900 -869304
2 89 976
2 158 765
2 373 967
2 497 650
2 58 575
1 382 474 168654
1 680 931 -7701
1 4 740 -16844
2 484 568
1 504 889 684173
2 280 997
1 15 504 -896291
2 108 513
2 205 564
1 695 919 -541410
2 571 756
2 334 347
2 128 376
1 824 944 236603
2 631 975
2 335 871
2 199 466
2 213 691
1 148 842 -751790
1 257 752 988860
1 273 762 520862
1 30 795 -75258
2 298 962
2 590 905
1 484 927 399649
2 128 685
2 13 821
2 547 1000
1 3 134 -841875
2 79 718
1 259 451 -215061
1 809 906 267969
1 492 511 -391492
1 223 647 -623260
1 230 747 -141676
1 117 606 -135024
1 394 982 938741
2 439 917
2 903 939
2 244 666
2 215 831
2 114 606
1 584 821 345647
1 340 937 873321
2 117 981
2 598 952
2 310 911
1 90 511 587541
1 714 838 -157095
1 952 1000 -861419
2 25 68
1 75 121 27486
2 244 674
2 525 664
2 775 896
1 522 614 -742693
1 586 807 400907
2 85 858
2 310 455
1 469 830 -285737
1 228 251 -347631
2 339 796
2 234 551
1 713 716 -611345
1 307 563 -206383
2 492 941
2 286 296
2 769 841
1 357 894 930581
1 497 782 680260
2 422 594
1 566 618 234845
2 588 891
1 60 244 726981
1 83 358 -624884
2 934 952
2 207 855
2 307 892
1 294 577 947766
2 47 647
2 899 962
2 463 662
2 14 95
2 537 695
2 43 93
1 284 994 -283779
2 3 613
1 61 791 -529388
1 156 182 842174
1 254 664 -186389
2 48 413
1 872 899 680706
2 537 827
2 110 687
2 360 641
1 19 325 -698368
1 409 877 -184693
2 43 879
2 166 854
2 481 492
1 303 773 293732
2 348 753
1 262 296 783520
1 187 315 933840
1 166 658 -979316
2 117 518
1 600 611 136718
2 733 751
1 112 472 -494753
2 716 877
2 750 849
1 401 551 -369913
1 198 703 358724
2 166 522
1 37 406 666287
1 500 792 -639054
1 497 769 477267
1 520 793 779046
2 647 932
2 219 966
2 105 115
2 261 939
2 159 448
1 178 795 -226821
1 204 843 114921
2 86 574
2 31 396
1 401 569 441171
2 9 31
2 241 784
1 190 888 -400832
1 186 258 344005
2 75 952
1 346 929 980082
2 302 609
1 598 957 100075
2 613 766
1 168 391 -110886
1 590 880 214077
1 507 680 -41775
2 305 412
1 95 642 292435
1 294 924 -329844
2 72 87
2 365 461
2 295 364
1 68 979 -157673
2 372 537
1 903 932 14440
1 291 333 139731
2 81 313
